dihedral 28964 28966 28968 28983 200 -62.769
dihedral 28983 28985 28987 28997 200 -65.534
dihedral 28997 28999 29001 29021 200 -69.787
dihedral 29021 29023 29025 29040 200 -65.737
dihedral 29040 29042 29044 29059 200 -66.186
dihedral 29059 29061 29063 29076 200 -65.796
dihedral 29076 29078 29080 29088 200 -66.619
dihedral 29088 29090 29092 29110 200 -67.426
dihedral 29110 29112 29114 29134 200 -64.087
dihedral 29134 29136 29138 29146 200 -63.373
dihedral 29146 29148 29150 29170 200 -65.761
dihedral 29346 29348 29350 29366 200 -66.081
dihedral 29366 29368 29370 29385 200 -68.471
dihedral 29385 29387 29389 29401 200 -62.438
dihedral 29401 29403 29405 29422 200 -65.521
dihedral 29422 29424 29426 29433 200 -67.791
dihedral 29433 29435 29437 29452 200 -63.045
dihedral 29452 29454 29456 29473 200 -65.099
dihedral 29473 29475 29477 29490 200 -66.028
dihedral 29490 29492 29494 29509 200 -64.104
dihedral 29509 29511 29513 29528 200 -62.656
dihedral 29528 29530 29532 29548 200 -64.001
dihedral 29548 29550 29552 29562 200 -65.488
dihedral 29562 29564 29566 29579 200 -66.255
dihedral 29579 29581 29583 29589 200 -64.367
dihedral 29589 29591 29593 29599 200 -67.971
dihedral 29599 29601 29603 29620 200 -68.287
dihedral 29620 29622 29624 29641 200 -66.918
dihedral 29679 29681 29683 29695 200 -79.202
dihedral 29733 29735 29739 29747 200 -66.446
dihedral 29761 29763 29765 29781 200 -68.426
dihedral 29781 29783 29785 29803 200 -72.967
dihedral 29820 29822 29824 29835 200 -70.062
dihedral 29857 29859 29861 29871 200 -64.077
dihedral 29871 29873 29875 29878 200 -65.244
dihedral 29878 29880 29882 29890 200 -67.059
dihedral 29890 29892 29894 29911 200 -76.293
dihedral 29911 29913 29915 29931 200 -76.827
dihedral 29931 29933 29935 29955 200 -65.888
dihedral 29955 29957 29959 29971 200 -64.978
dihedral 29971 29973 29975 29985 200 -65.080
dihedral 29985 29987 29989 29992 200 -64.958
dihedral 29992 29994 29996 30007 200 -67.169
dihedral 30007 30009 30011 30026 200 -63.975
dihedral 30026 30028 30030 30045 200 -65.513
dihedral 30045 30047 30049 30056 200 -67.015
dihedral 30056 30058 30060 30072 200 -67.180
dihedral 30072 30074 30076 30091 200 -74.201
dihedral 30098 30100 30102 30105 200 -64.354
dihedral 30105 30107 30109 30121 200 -65.040
dihedral 30121 30123 30125 30142 200 -64.956
dihedral 30142 30144 30146 30162 200 -67.412
dihedral 30182 30184 30186 30202 200 -65.073
dihedral 30202 30204 30206 30226 200 -64.997
dihedral 30226 30228 30230 30233 200 -64.818
dihedral 30233 30235 30237 30252 200 -66.145
dihedral 30252 30254 30256 30269 200 -65.407
dihedral 30269 30271 30273 30290 200 -62.179
dihedral 30419 30421 30423 30436 200 -64.540
dihedral 30436 30438 30440 30458 200 -67.121
dihedral 30458 30460 30462 30472 200 -66.263
dihedral 30472 30474 30476 30491 200 -64.557
dihedral 30511 30513 30515 30527 200 -66.902
dihedral 30539 30541 30543 30550 200 -67.837
dihedral 30550 30552 30554 30571 200 -65.911
dihedral 30571 30573 30575 30582 200 -62.414
dihedral 30653 30655 30657 30673 200 -60.146
dihedral 30673 30675 30677 30692 200 -65.251
dihedral 30692 30694 30696 30709 200 -64.516
dihedral 30709 30711 30713 30720 200 -67.640
dihedral 30720 30722 30724 30739 200 -67.559
dihedral 30739 30741 30743 30759 200 -67.857
dihedral 30759 30761 30763 30776 200 -64.984
dihedral 30776 30778 30780 30795 200 -65.358
dihedral 30795 30797 30799 30805 200 -63.651
dihedral 30805 30807 30809 30819 200 -66.106
dihedral 30819 30821 30823 30835 200 -66.435
dihedral 30835 30837 30839 30851 200 -64.307
dihedral 30851 30853 30855 30870 200 -65.779
dihedral 30870 30872 30874 30891 200 -64.433
dihedral 30891 30893 30895 30911 200 -65.083
dihedral 30911 30913 30915 30922 200 -65.720
dihedral 30958 30960 30962 30980 200 -63.544
dihedral 30980 30982 30984 30995 200 -65.715
dihedral 30995 30997 30999 31016 200 -63.561
dihedral 31016 31018 31020 31032 200 -63.575
dihedral 31032 31034 31036 31042 200 -63.946
dihedral 31042 31044 31046 31053 200 -66.352
dihedral 31053 31055 31057 31070 200 -66.238
dihedral 31070 31072 31074 31086 200 -64.500
dihedral 31086 31088 31090 31106 200 -64.018
dihedral 31106 31108 31110 31117 200 -65.218
dihedral 31117 31119 31121 31136 200 -67.518
dihedral 31136 31138 31140 31146 200 -65.144
dihedral 31146 31148 31150 31165 200 -67.233
dihedral 31165 31167 31169 31172 200 -62.247
dihedral 31172 31174 31176 31196 200 -65.641
dihedral 31196 31198 31200 31210 200 -65.535
dihedral 31210 31212 31214 31224 200 -68.093
dihedral 31224 31226 31228 31241 200 -68.386
dihedral 31241 31243 31245 31260 200 -67.274
dihedral 31260 31262 31264 31281 200 -67.302
dihedral 31281 31283 31285 31302 200 -68.320
dihedral 31302 31304 31306 31316 200 -78.467
