dihedral 11934 11936 11938 11953 200 -62.769
dihedral 11953 11955 11957 11967 200 -65.534
dihedral 11967 11969 11971 11991 200 -69.787
dihedral 11991 11993 11995 12010 200 -65.737
dihedral 12010 12012 12014 12029 200 -66.186
dihedral 12029 12031 12033 12046 200 -65.796
dihedral 12046 12048 12050 12058 200 -66.619
dihedral 12058 12060 12062 12080 200 -67.426
dihedral 12080 12082 12084 12104 200 -64.087
dihedral 12104 12106 12108 12116 200 -63.373
dihedral 12116 12118 12120 12140 200 -65.761
dihedral 12316 12318 12320 12336 200 -66.081
dihedral 12336 12338 12340 12355 200 -68.471
dihedral 12355 12357 12359 12371 200 -62.438
dihedral 12371 12373 12375 12392 200 -65.521
dihedral 12392 12394 12396 12403 200 -67.791
dihedral 12403 12405 12407 12422 200 -63.045
dihedral 12422 12424 12426 12443 200 -65.099
dihedral 12443 12445 12447 12460 200 -66.028
dihedral 12460 12462 12464 12479 200 -64.104
dihedral 12479 12481 12483 12498 200 -62.656
dihedral 12498 12500 12502 12518 200 -64.001
dihedral 12518 12520 12522 12532 200 -65.488
dihedral 12532 12534 12536 12549 200 -66.255
dihedral 12549 12551 12553 12559 200 -64.367
dihedral 12559 12561 12563 12569 200 -67.971
dihedral 12569 12571 12573 12590 200 -68.287
dihedral 12590 12592 12594 12611 200 -66.918
dihedral 12649 12651 12653 12665 200 -79.202
dihedral 12703 12705 12709 12717 200 -66.446
dihedral 12731 12733 12735 12751 200 -68.426
dihedral 12751 12753 12755 12773 200 -72.967
dihedral 12790 12792 12794 12805 200 -70.062
dihedral 12827 12829 12831 12841 200 -64.077
dihedral 12841 12843 12845 12848 200 -65.244
dihedral 12848 12850 12852 12860 200 -67.059
dihedral 12860 12862 12864 12881 200 -76.293
dihedral 12881 12883 12885 12901 200 -76.827
dihedral 12901 12903 12905 12925 200 -65.888
dihedral 12925 12927 12929 12941 200 -64.978
dihedral 12941 12943 12945 12955 200 -65.080
dihedral 12955 12957 12959 12962 200 -64.958
dihedral 12962 12964 12966 12977 200 -67.169
dihedral 12977 12979 12981 12996 200 -63.975
dihedral 12996 12998 13000 13015 200 -65.513
dihedral 13015 13017 13019 13026 200 -67.015
dihedral 13026 13028 13030 13042 200 -67.180
dihedral 13042 13044 13046 13061 200 -74.201
dihedral 13068 13070 13072 13075 200 -64.354
dihedral 13075 13077 13079 13091 200 -65.040
dihedral 13091 13093 13095 13112 200 -64.956
dihedral 13112 13114 13116 13132 200 -67.412
dihedral 13152 13154 13156 13172 200 -65.073
dihedral 13172 13174 13176 13196 200 -64.997
dihedral 13196 13198 13200 13203 200 -64.818
dihedral 13203 13205 13207 13222 200 -66.145
dihedral 13222 13224 13226 13239 200 -65.407
dihedral 13239 13241 13243 13260 200 -62.179
dihedral 13389 13391 13393 13406 200 -64.540
dihedral 13406 13408 13410 13428 200 -67.121
dihedral 13428 13430 13432 13442 200 -66.263
dihedral 13442 13444 13446 13461 200 -64.557
dihedral 13481 13483 13485 13497 200 -66.902
dihedral 13509 13511 13513 13520 200 -67.837
dihedral 13520 13522 13524 13541 200 -65.911
dihedral 13541 13543 13545 13552 200 -62.414
dihedral 13623 13625 13627 13643 200 -60.146
dihedral 13643 13645 13647 13662 200 -65.251
dihedral 13662 13664 13666 13679 200 -64.516
dihedral 13679 13681 13683 13690 200 -67.640
dihedral 13690 13692 13694 13709 200 -67.559
dihedral 13709 13711 13713 13729 200 -67.857
dihedral 13729 13731 13733 13746 200 -64.984
dihedral 13746 13748 13750 13765 200 -65.358
dihedral 13765 13767 13769 13775 200 -63.651
dihedral 13775 13777 13779 13789 200 -66.106
dihedral 13789 13791 13793 13805 200 -66.435
dihedral 13805 13807 13809 13821 200 -64.307
dihedral 13821 13823 13825 13840 200 -65.779
dihedral 13840 13842 13844 13861 200 -64.433
dihedral 13861 13863 13865 13881 200 -65.083
dihedral 13881 13883 13885 13892 200 -65.720
dihedral 13928 13930 13932 13950 200 -63.544
dihedral 13950 13952 13954 13965 200 -65.715
dihedral 13965 13967 13969 13986 200 -63.561
dihedral 13986 13988 13990 14002 200 -63.575
dihedral 14002 14004 14006 14012 200 -63.946
dihedral 14012 14014 14016 14023 200 -66.352
dihedral 14023 14025 14027 14040 200 -66.238
dihedral 14040 14042 14044 14056 200 -64.500
dihedral 14056 14058 14060 14076 200 -64.018
dihedral 14076 14078 14080 14087 200 -65.218
dihedral 14087 14089 14091 14106 200 -67.518
dihedral 14106 14108 14110 14116 200 -65.144
dihedral 14116 14118 14120 14135 200 -67.233
dihedral 14135 14137 14139 14142 200 -62.247
dihedral 14142 14144 14146 14166 200 -65.641
dihedral 14166 14168 14170 14180 200 -65.535
dihedral 14180 14182 14184 14194 200 -68.093
dihedral 14194 14196 14198 14211 200 -68.386
dihedral 14211 14213 14215 14230 200 -67.274
dihedral 14230 14232 14234 14251 200 -67.302
dihedral 14251 14253 14255 14272 200 -68.320
dihedral 14272 14274 14276 14286 200 -78.467
