dihedral 3419 3421 3423 3438 200 -62.769
dihedral 3438 3440 3442 3452 200 -65.534
dihedral 3452 3454 3456 3476 200 -69.787
dihedral 3476 3478 3480 3495 200 -65.737
dihedral 3495 3497 3499 3514 200 -66.186
dihedral 3514 3516 3518 3531 200 -65.796
dihedral 3531 3533 3535 3543 200 -66.619
dihedral 3543 3545 3547 3565 200 -67.426
dihedral 3565 3567 3569 3589 200 -64.087
dihedral 3589 3591 3593 3601 200 -63.373
dihedral 3601 3603 3605 3625 200 -65.761
dihedral 3801 3803 3805 3821 200 -66.081
dihedral 3821 3823 3825 3840 200 -68.471
dihedral 3840 3842 3844 3856 200 -62.438
dihedral 3856 3858 3860 3877 200 -65.521
dihedral 3877 3879 3881 3888 200 -67.791
dihedral 3888 3890 3892 3907 200 -63.045
dihedral 3907 3909 3911 3928 200 -65.099
dihedral 3928 3930 3932 3945 200 -66.028
dihedral 3945 3947 3949 3964 200 -64.104
dihedral 3964 3966 3968 3983 200 -62.656
dihedral 3983 3985 3987 4003 200 -64.001
dihedral 4003 4005 4007 4017 200 -65.488
dihedral 4017 4019 4021 4034 200 -66.255
dihedral 4034 4036 4038 4044 200 -64.367
dihedral 4044 4046 4048 4054 200 -67.971
dihedral 4054 4056 4058 4075 200 -68.287
dihedral 4075 4077 4079 4096 200 -66.918
dihedral 4134 4136 4138 4150 200 -79.202
dihedral 4188 4190 4194 4202 200 -66.446
dihedral 4216 4218 4220 4236 200 -68.426
dihedral 4236 4238 4240 4258 200 -72.967
dihedral 4275 4277 4279 4290 200 -70.062
dihedral 4312 4314 4316 4326 200 -64.077
dihedral 4326 4328 4330 4333 200 -65.244
dihedral 4333 4335 4337 4345 200 -67.059
dihedral 4345 4347 4349 4366 200 -76.293
dihedral 4366 4368 4370 4386 200 -76.827
dihedral 4386 4388 4390 4410 200 -65.888
dihedral 4410 4412 4414 4426 200 -64.978
dihedral 4426 4428 4430 4440 200 -65.080
dihedral 4440 4442 4444 4447 200 -64.958
dihedral 4447 4449 4451 4462 200 -67.169
dihedral 4462 4464 4466 4481 200 -63.975
dihedral 4481 4483 4485 4500 200 -65.513
dihedral 4500 4502 4504 4511 200 -67.015
dihedral 4511 4513 4515 4527 200 -67.180
dihedral 4527 4529 4531 4546 200 -74.201
dihedral 4553 4555 4557 4560 200 -64.354
dihedral 4560 4562 4564 4576 200 -65.040
dihedral 4576 4578 4580 4597 200 -64.956
dihedral 4597 4599 4601 4617 200 -67.412
dihedral 4637 4639 4641 4657 200 -65.073
dihedral 4657 4659 4661 4681 200 -64.997
dihedral 4681 4683 4685 4688 200 -64.818
dihedral 4688 4690 4692 4707 200 -66.145
dihedral 4707 4709 4711 4724 200 -65.407
dihedral 4724 4726 4728 4745 200 -62.179
dihedral 4874 4876 4878 4891 200 -64.540
dihedral 4891 4893 4895 4913 200 -67.121
dihedral 4913 4915 4917 4927 200 -66.263
dihedral 4927 4929 4931 4946 200 -64.557
dihedral 4966 4968 4970 4982 200 -66.902
dihedral 4994 4996 4998 5005 200 -67.837
dihedral 5005 5007 5009 5026 200 -65.911
dihedral 5026 5028 5030 5037 200 -62.414
dihedral 5108 5110 5112 5128 200 -60.146
dihedral 5128 5130 5132 5147 200 -65.251
dihedral 5147 5149 5151 5164 200 -64.516
dihedral 5164 5166 5168 5175 200 -67.640
dihedral 5175 5177 5179 5194 200 -67.559
dihedral 5194 5196 5198 5214 200 -67.857
dihedral 5214 5216 5218 5231 200 -64.984
dihedral 5231 5233 5235 5250 200 -65.358
dihedral 5250 5252 5254 5260 200 -63.651
dihedral 5260 5262 5264 5274 200 -66.106
dihedral 5274 5276 5278 5290 200 -66.435
dihedral 5290 5292 5294 5306 200 -64.307
dihedral 5306 5308 5310 5325 200 -65.779
dihedral 5325 5327 5329 5346 200 -64.433
dihedral 5346 5348 5350 5366 200 -65.083
dihedral 5366 5368 5370 5377 200 -65.720
dihedral 5413 5415 5417 5435 200 -63.544
dihedral 5435 5437 5439 5450 200 -65.715
dihedral 5450 5452 5454 5471 200 -63.561
dihedral 5471 5473 5475 5487 200 -63.575
dihedral 5487 5489 5491 5497 200 -63.946
dihedral 5497 5499 5501 5508 200 -66.352
dihedral 5508 5510 5512 5525 200 -66.238
dihedral 5525 5527 5529 5541 200 -64.500
dihedral 5541 5543 5545 5561 200 -64.018
dihedral 5561 5563 5565 5572 200 -65.218
dihedral 5572 5574 5576 5591 200 -67.518
dihedral 5591 5593 5595 5601 200 -65.144
dihedral 5601 5603 5605 5620 200 -67.233
dihedral 5620 5622 5624 5627 200 -62.247
dihedral 5627 5629 5631 5651 200 -65.641
dihedral 5651 5653 5655 5665 200 -65.535
dihedral 5665 5667 5669 5679 200 -68.093
dihedral 5679 5681 5683 5696 200 -68.386
dihedral 5696 5698 5700 5715 200 -67.274
dihedral 5715 5717 5719 5736 200 -67.302
dihedral 5736 5738 5740 5757 200 -68.320
dihedral 5757 5759 5761 5771 200 -78.467
