dihedral 20449 20451 20453 20468 200 -62.769
dihedral 20468 20470 20472 20482 200 -65.534
dihedral 20482 20484 20486 20506 200 -69.787
dihedral 20506 20508 20510 20525 200 -65.737
dihedral 20525 20527 20529 20544 200 -66.186
dihedral 20544 20546 20548 20561 200 -65.796
dihedral 20561 20563 20565 20573 200 -66.619
dihedral 20573 20575 20577 20595 200 -67.426
dihedral 20595 20597 20599 20619 200 -64.087
dihedral 20619 20621 20623 20631 200 -63.373
dihedral 20631 20633 20635 20655 200 -65.761
dihedral 20831 20833 20835 20851 200 -66.081
dihedral 20851 20853 20855 20870 200 -68.471
dihedral 20870 20872 20874 20886 200 -62.438
dihedral 20886 20888 20890 20907 200 -65.521
dihedral 20907 20909 20911 20918 200 -67.791
dihedral 20918 20920 20922 20937 200 -63.045
dihedral 20937 20939 20941 20958 200 -65.099
dihedral 20958 20960 20962 20975 200 -66.028
dihedral 20975 20977 20979 20994 200 -64.104
dihedral 20994 20996 20998 21013 200 -62.656
dihedral 21013 21015 21017 21033 200 -64.001
dihedral 21033 21035 21037 21047 200 -65.488
dihedral 21047 21049 21051 21064 200 -66.255
dihedral 21064 21066 21068 21074 200 -64.367
dihedral 21074 21076 21078 21084 200 -67.971
dihedral 21084 21086 21088 21105 200 -68.287
dihedral 21105 21107 21109 21126 200 -66.918
dihedral 21164 21166 21168 21180 200 -79.202
dihedral 21218 21220 21224 21232 200 -66.446
dihedral 21246 21248 21250 21266 200 -68.426
dihedral 21266 21268 21270 21288 200 -72.967
dihedral 21305 21307 21309 21320 200 -70.062
dihedral 21342 21344 21346 21356 200 -64.077
dihedral 21356 21358 21360 21363 200 -65.244
dihedral 21363 21365 21367 21375 200 -67.059
dihedral 21375 21377 21379 21396 200 -76.293
dihedral 21396 21398 21400 21416 200 -76.827
dihedral 21416 21418 21420 21440 200 -65.888
dihedral 21440 21442 21444 21456 200 -64.978
dihedral 21456 21458 21460 21470 200 -65.080
dihedral 21470 21472 21474 21477 200 -64.958
dihedral 21477 21479 21481 21492 200 -67.169
dihedral 21492 21494 21496 21511 200 -63.975
dihedral 21511 21513 21515 21530 200 -65.513
dihedral 21530 21532 21534 21541 200 -67.015
dihedral 21541 21543 21545 21557 200 -67.180
dihedral 21557 21559 21561 21576 200 -74.201
dihedral 21583 21585 21587 21590 200 -64.354
dihedral 21590 21592 21594 21606 200 -65.040
dihedral 21606 21608 21610 21627 200 -64.956
dihedral 21627 21629 21631 21647 200 -67.412
dihedral 21667 21669 21671 21687 200 -65.073
dihedral 21687 21689 21691 21711 200 -64.997
dihedral 21711 21713 21715 21718 200 -64.818
dihedral 21718 21720 21722 21737 200 -66.145
dihedral 21737 21739 21741 21754 200 -65.407
dihedral 21754 21756 21758 21775 200 -62.179
dihedral 21904 21906 21908 21921 200 -64.540
dihedral 21921 21923 21925 21943 200 -67.121
dihedral 21943 21945 21947 21957 200 -66.263
dihedral 21957 21959 21961 21976 200 -64.557
dihedral 21996 21998 22000 22012 200 -66.902
dihedral 22024 22026 22028 22035 200 -67.837
dihedral 22035 22037 22039 22056 200 -65.911
dihedral 22056 22058 22060 22067 200 -62.414
dihedral 22138 22140 22142 22158 200 -60.146
dihedral 22158 22160 22162 22177 200 -65.251
dihedral 22177 22179 22181 22194 200 -64.516
dihedral 22194 22196 22198 22205 200 -67.640
dihedral 22205 22207 22209 22224 200 -67.559
dihedral 22224 22226 22228 22244 200 -67.857
dihedral 22244 22246 22248 22261 200 -64.984
dihedral 22261 22263 22265 22280 200 -65.358
dihedral 22280 22282 22284 22290 200 -63.651
dihedral 22290 22292 22294 22304 200 -66.106
dihedral 22304 22306 22308 22320 200 -66.435
dihedral 22320 22322 22324 22336 200 -64.307
dihedral 22336 22338 22340 22355 200 -65.779
dihedral 22355 22357 22359 22376 200 -64.433
dihedral 22376 22378 22380 22396 200 -65.083
dihedral 22396 22398 22400 22407 200 -65.720
dihedral 22443 22445 22447 22465 200 -63.544
dihedral 22465 22467 22469 22480 200 -65.715
dihedral 22480 22482 22484 22501 200 -63.561
dihedral 22501 22503 22505 22517 200 -63.575
dihedral 22517 22519 22521 22527 200 -63.946
dihedral 22527 22529 22531 22538 200 -66.352
dihedral 22538 22540 22542 22555 200 -66.238
dihedral 22555 22557 22559 22571 200 -64.500
dihedral 22571 22573 22575 22591 200 -64.018
dihedral 22591 22593 22595 22602 200 -65.218
dihedral 22602 22604 22606 22621 200 -67.518
dihedral 22621 22623 22625 22631 200 -65.144
dihedral 22631 22633 22635 22650 200 -67.233
dihedral 22650 22652 22654 22657 200 -62.247
dihedral 22657 22659 22661 22681 200 -65.641
dihedral 22681 22683 22685 22695 200 -65.535
dihedral 22695 22697 22699 22709 200 -68.093
dihedral 22709 22711 22713 22726 200 -68.386
dihedral 22726 22728 22730 22745 200 -67.274
dihedral 22745 22747 22749 22766 200 -67.302
dihedral 22766 22768 22770 22787 200 -68.320
dihedral 22787 22789 22791 22801 200 -78.467
