dihedral 28966 28968 28983 28985 200 -36.177
dihedral 28985 28987 28997 28999 200 -34.435
dihedral 28999 29001 29021 29023 200 -35.422
dihedral 29023 29025 29040 29042 200 -43.788
dihedral 29042 29044 29059 29061 200 -38.961
dihedral 29061 29063 29076 29078 200 -39.284
dihedral 29078 29080 29088 29090 200 -38.833
dihedral 29090 29092 29110 29112 200 -37.911
dihedral 29112 29114 29134 29136 200 -43.909
dihedral 29136 29138 29146 29148 200 -36.034
dihedral 29148 29150 29170 29172 200 -32.077
dihedral 29348 29350 29366 29368 200 -33.932
dihedral 29368 29370 29385 29387 200 -36.179
dihedral 29387 29389 29401 29403 200 -38.196
dihedral 29403 29405 29422 29424 200 -38.513
dihedral 29424 29426 29433 29435 200 -38.330
dihedral 29435 29437 29452 29454 200 -36.381
dihedral 29454 29456 29473 29475 200 -40.834
dihedral 29475 29477 29490 29492 200 -41.028
dihedral 29492 29494 29509 29511 200 -44.678
dihedral 29511 29513 29528 29530 200 -43.624
dihedral 29530 29532 29548 29550 200 -42.707
dihedral 29550 29552 29562 29564 200 -39.864
dihedral 29564 29566 29579 29581 200 -36.665
dihedral 29581 29583 29589 29591 200 -38.936
dihedral 29591 29593 29599 29601 200 -38.913
dihedral 29601 29603 29620 29622 200 -38.214
dihedral 29622 29624 29641 29643 200 -35.982
dihedral 29681 29683 29695 29697 200 -20.505
dihedral 29735 29739 29747 29749 200 149.222
dihedral 29763 29765 29781 29783 200 141.272
dihedral 29783 29785 29803 29805 200 143.226
dihedral 29822 29824 29835 29837 200 -22.692
dihedral 29859 29861 29871 29873 200 -39.381
dihedral 29873 29875 29878 29880 200 -35.803
dihedral 29880 29882 29890 29892 200 -32.583
dihedral 29892 29894 29911 29913 200 -29.206
dihedral 29913 29915 29931 29933 200 -28.271
dihedral 29933 29935 29955 29957 200 -37.419
dihedral 29957 29959 29971 29973 200 -40.922
dihedral 29973 29975 29985 29987 200 -41.627
dihedral 29987 29989 29992 29994 200 -41.014
dihedral 29994 29996 30007 30009 200 -38.611
dihedral 30009 30011 30026 30028 200 -43.421
dihedral 30028 30030 30045 30047 200 -38.404
dihedral 30047 30049 30056 30058 200 -40.797
dihedral 30058 30060 30072 30074 200 -34.207
dihedral 30074 30076 30091 30093 200 -26.036
dihedral 30100 30102 30105 30107 200 -40.548
dihedral 30107 30109 30121 30123 200 -37.564
dihedral 30123 30125 30142 30144 200 -40.647
dihedral 30144 30146 30162 30164 200 -39.828
dihedral 30184 30186 30202 30204 200 -38.895
dihedral 30204 30206 30226 30228 200 -40.287
dihedral 30228 30230 30233 30235 200 -42.011
dihedral 30235 30237 30252 30254 200 -40.386
dihedral 30254 30256 30269 30271 200 -34.548
dihedral 30271 30273 30290 30292 200 -31.315
dihedral 30421 30423 30436 30438 200 -38.230
dihedral 30438 30440 30458 30460 200 -39.076
dihedral 30460 30462 30472 30474 200 -38.610
dihedral 30474 30476 30491 30493 200 -40.380
dihedral 30513 30515 30527 30529 200 -36.986
dihedral 30541 30543 30550 30552 200 -37.675
dihedral 30552 30554 30571 30573 200 -36.309
dihedral 30573 30575 30582 30584 200 -29.976
dihedral 30655 30657 30673 30675 200 -41.173
dihedral 30675 30677 30692 30694 200 -39.513
dihedral 30694 30696 30709 30711 200 -37.346
dihedral 30711 30713 30720 30722 200 -38.159
dihedral 30722 30724 30739 30741 200 -39.776
dihedral 30741 30743 30759 30761 200 -37.766
dihedral 30761 30763 30776 30778 200 -40.406
dihedral 30778 30780 30795 30797 200 -37.226
dihedral 30797 30799 30805 30807 200 -39.671
dihedral 30807 30809 30819 30821 200 -40.114
dihedral 30821 30823 30835 30837 200 -41.917
dihedral 30837 30839 30851 30853 200 -41.544
dihedral 30853 30855 30870 30872 200 -42.037
dihedral 30872 30874 30891 30893 200 -44.616
dihedral 30893 30895 30911 30913 200 -41.014
dihedral 30913 30915 30922 30924 200 -40.032
dihedral 30960 30962 30980 30982 200 -39.854
dihedral 30982 30984 30995 30997 200 -38.609
dihedral 30997 30999 31016 31018 200 -46.450
dihedral 31018 31020 31032 31034 200 -40.291
dihedral 31034 31036 31042 31044 200 -41.336
dihedral 31044 31046 31053 31055 200 -38.748
dihedral 31055 31057 31070 31072 200 -41.795
dihedral 31072 31074 31086 31088 200 -41.734
dihedral 31088 31090 31106 31108 200 -42.547
dihedral 31108 31110 31117 31119 200 -37.729
dihedral 31119 31121 31136 31138 200 -37.829
dihedral 31138 31140 31146 31148 200 -39.802
dihedral 31148 31150 31165 31167 200 -41.575
dihedral 31167 31169 31172 31174 200 -42.840
dihedral 31174 31176 31196 31198 200 -42.180
dihedral 31198 31200 31210 31212 200 -38.164
dihedral 31212 31214 31224 31226 200 -37.496
dihedral 31226 31228 31241 31243 200 -38.721
dihedral 31243 31245 31260 31262 200 -35.978
dihedral 31262 31264 31281 31283 200 -37.078
dihedral 31283 31285 31302 31304 200 -38.302
dihedral 31304 31306 31316 31318 200 -28.174
