dihedral 11936 11938 11953 11955 200 -36.177
dihedral 11955 11957 11967 11969 200 -34.435
dihedral 11969 11971 11991 11993 200 -35.422
dihedral 11993 11995 12010 12012 200 -43.788
dihedral 12012 12014 12029 12031 200 -38.961
dihedral 12031 12033 12046 12048 200 -39.284
dihedral 12048 12050 12058 12060 200 -38.833
dihedral 12060 12062 12080 12082 200 -37.911
dihedral 12082 12084 12104 12106 200 -43.909
dihedral 12106 12108 12116 12118 200 -36.034
dihedral 12118 12120 12140 12142 200 -32.077
dihedral 12318 12320 12336 12338 200 -33.932
dihedral 12338 12340 12355 12357 200 -36.179
dihedral 12357 12359 12371 12373 200 -38.196
dihedral 12373 12375 12392 12394 200 -38.513
dihedral 12394 12396 12403 12405 200 -38.330
dihedral 12405 12407 12422 12424 200 -36.381
dihedral 12424 12426 12443 12445 200 -40.834
dihedral 12445 12447 12460 12462 200 -41.028
dihedral 12462 12464 12479 12481 200 -44.678
dihedral 12481 12483 12498 12500 200 -43.624
dihedral 12500 12502 12518 12520 200 -42.707
dihedral 12520 12522 12532 12534 200 -39.864
dihedral 12534 12536 12549 12551 200 -36.665
dihedral 12551 12553 12559 12561 200 -38.936
dihedral 12561 12563 12569 12571 200 -38.913
dihedral 12571 12573 12590 12592 200 -38.214
dihedral 12592 12594 12611 12613 200 -35.982
dihedral 12651 12653 12665 12667 200 -20.505
dihedral 12705 12709 12717 12719 200 149.222
dihedral 12733 12735 12751 12753 200 141.272
dihedral 12753 12755 12773 12775 200 143.226
dihedral 12792 12794 12805 12807 200 -22.692
dihedral 12829 12831 12841 12843 200 -39.381
dihedral 12843 12845 12848 12850 200 -35.803
dihedral 12850 12852 12860 12862 200 -32.583
dihedral 12862 12864 12881 12883 200 -29.206
dihedral 12883 12885 12901 12903 200 -28.271
dihedral 12903 12905 12925 12927 200 -37.419
dihedral 12927 12929 12941 12943 200 -40.922
dihedral 12943 12945 12955 12957 200 -41.627
dihedral 12957 12959 12962 12964 200 -41.014
dihedral 12964 12966 12977 12979 200 -38.611
dihedral 12979 12981 12996 12998 200 -43.421
dihedral 12998 13000 13015 13017 200 -38.404
dihedral 13017 13019 13026 13028 200 -40.797
dihedral 13028 13030 13042 13044 200 -34.207
dihedral 13044 13046 13061 13063 200 -26.036
dihedral 13070 13072 13075 13077 200 -40.548
dihedral 13077 13079 13091 13093 200 -37.564
dihedral 13093 13095 13112 13114 200 -40.647
dihedral 13114 13116 13132 13134 200 -39.828
dihedral 13154 13156 13172 13174 200 -38.895
dihedral 13174 13176 13196 13198 200 -40.287
dihedral 13198 13200 13203 13205 200 -42.011
dihedral 13205 13207 13222 13224 200 -40.386
dihedral 13224 13226 13239 13241 200 -34.548
dihedral 13241 13243 13260 13262 200 -31.315
dihedral 13391 13393 13406 13408 200 -38.230
dihedral 13408 13410 13428 13430 200 -39.076
dihedral 13430 13432 13442 13444 200 -38.610
dihedral 13444 13446 13461 13463 200 -40.380
dihedral 13483 13485 13497 13499 200 -36.986
dihedral 13511 13513 13520 13522 200 -37.675
dihedral 13522 13524 13541 13543 200 -36.309
dihedral 13543 13545 13552 13554 200 -29.976
dihedral 13625 13627 13643 13645 200 -41.173
dihedral 13645 13647 13662 13664 200 -39.513
dihedral 13664 13666 13679 13681 200 -37.346
dihedral 13681 13683 13690 13692 200 -38.159
dihedral 13692 13694 13709 13711 200 -39.776
dihedral 13711 13713 13729 13731 200 -37.766
dihedral 13731 13733 13746 13748 200 -40.406
dihedral 13748 13750 13765 13767 200 -37.226
dihedral 13767 13769 13775 13777 200 -39.671
dihedral 13777 13779 13789 13791 200 -40.114
dihedral 13791 13793 13805 13807 200 -41.917
dihedral 13807 13809 13821 13823 200 -41.544
dihedral 13823 13825 13840 13842 200 -42.037
dihedral 13842 13844 13861 13863 200 -44.616
dihedral 13863 13865 13881 13883 200 -41.014
dihedral 13883 13885 13892 13894 200 -40.032
dihedral 13930 13932 13950 13952 200 -39.854
dihedral 13952 13954 13965 13967 200 -38.609
dihedral 13967 13969 13986 13988 200 -46.450
dihedral 13988 13990 14002 14004 200 -40.291
dihedral 14004 14006 14012 14014 200 -41.336
dihedral 14014 14016 14023 14025 200 -38.748
dihedral 14025 14027 14040 14042 200 -41.795
dihedral 14042 14044 14056 14058 200 -41.734
dihedral 14058 14060 14076 14078 200 -42.547
dihedral 14078 14080 14087 14089 200 -37.729
dihedral 14089 14091 14106 14108 200 -37.829
dihedral 14108 14110 14116 14118 200 -39.802
dihedral 14118 14120 14135 14137 200 -41.575
dihedral 14137 14139 14142 14144 200 -42.840
dihedral 14144 14146 14166 14168 200 -42.180
dihedral 14168 14170 14180 14182 200 -38.164
dihedral 14182 14184 14194 14196 200 -37.496
dihedral 14196 14198 14211 14213 200 -38.721
dihedral 14213 14215 14230 14232 200 -35.978
dihedral 14232 14234 14251 14253 200 -37.078
dihedral 14253 14255 14272 14274 200 -38.302
dihedral 14274 14276 14286 14288 200 -28.174
