dihedral 3421 3423 3438 3440 200 -36.177
dihedral 3440 3442 3452 3454 200 -34.435
dihedral 3454 3456 3476 3478 200 -35.422
dihedral 3478 3480 3495 3497 200 -43.788
dihedral 3497 3499 3514 3516 200 -38.961
dihedral 3516 3518 3531 3533 200 -39.284
dihedral 3533 3535 3543 3545 200 -38.833
dihedral 3545 3547 3565 3567 200 -37.911
dihedral 3567 3569 3589 3591 200 -43.909
dihedral 3591 3593 3601 3603 200 -36.034
dihedral 3603 3605 3625 3627 200 -32.077
dihedral 3803 3805 3821 3823 200 -33.932
dihedral 3823 3825 3840 3842 200 -36.179
dihedral 3842 3844 3856 3858 200 -38.196
dihedral 3858 3860 3877 3879 200 -38.513
dihedral 3879 3881 3888 3890 200 -38.330
dihedral 3890 3892 3907 3909 200 -36.381
dihedral 3909 3911 3928 3930 200 -40.834
dihedral 3930 3932 3945 3947 200 -41.028
dihedral 3947 3949 3964 3966 200 -44.678
dihedral 3966 3968 3983 3985 200 -43.624
dihedral 3985 3987 4003 4005 200 -42.707
dihedral 4005 4007 4017 4019 200 -39.864
dihedral 4019 4021 4034 4036 200 -36.665
dihedral 4036 4038 4044 4046 200 -38.936
dihedral 4046 4048 4054 4056 200 -38.913
dihedral 4056 4058 4075 4077 200 -38.214
dihedral 4077 4079 4096 4098 200 -35.982
dihedral 4136 4138 4150 4152 200 -20.505
dihedral 4190 4194 4202 4204 200 149.222
dihedral 4218 4220 4236 4238 200 141.272
dihedral 4238 4240 4258 4260 200 143.226
dihedral 4277 4279 4290 4292 200 -22.692
dihedral 4314 4316 4326 4328 200 -39.381
dihedral 4328 4330 4333 4335 200 -35.803
dihedral 4335 4337 4345 4347 200 -32.583
dihedral 4347 4349 4366 4368 200 -29.206
dihedral 4368 4370 4386 4388 200 -28.271
dihedral 4388 4390 4410 4412 200 -37.419
dihedral 4412 4414 4426 4428 200 -40.922
dihedral 4428 4430 4440 4442 200 -41.627
dihedral 4442 4444 4447 4449 200 -41.014
dihedral 4449 4451 4462 4464 200 -38.611
dihedral 4464 4466 4481 4483 200 -43.421
dihedral 4483 4485 4500 4502 200 -38.404
dihedral 4502 4504 4511 4513 200 -40.797
dihedral 4513 4515 4527 4529 200 -34.207
dihedral 4529 4531 4546 4548 200 -26.036
dihedral 4555 4557 4560 4562 200 -40.548
dihedral 4562 4564 4576 4578 200 -37.564
dihedral 4578 4580 4597 4599 200 -40.647
dihedral 4599 4601 4617 4619 200 -39.828
dihedral 4639 4641 4657 4659 200 -38.895
dihedral 4659 4661 4681 4683 200 -40.287
dihedral 4683 4685 4688 4690 200 -42.011
dihedral 4690 4692 4707 4709 200 -40.386
dihedral 4709 4711 4724 4726 200 -34.548
dihedral 4726 4728 4745 4747 200 -31.315
dihedral 4876 4878 4891 4893 200 -38.230
dihedral 4893 4895 4913 4915 200 -39.076
dihedral 4915 4917 4927 4929 200 -38.610
dihedral 4929 4931 4946 4948 200 -40.380
dihedral 4968 4970 4982 4984 200 -36.986
dihedral 4996 4998 5005 5007 200 -37.675
dihedral 5007 5009 5026 5028 200 -36.309
dihedral 5028 5030 5037 5039 200 -29.976
dihedral 5110 5112 5128 5130 200 -41.173
dihedral 5130 5132 5147 5149 200 -39.513
dihedral 5149 5151 5164 5166 200 -37.346
dihedral 5166 5168 5175 5177 200 -38.159
dihedral 5177 5179 5194 5196 200 -39.776
dihedral 5196 5198 5214 5216 200 -37.766
dihedral 5216 5218 5231 5233 200 -40.406
dihedral 5233 5235 5250 5252 200 -37.226
dihedral 5252 5254 5260 5262 200 -39.671
dihedral 5262 5264 5274 5276 200 -40.114
dihedral 5276 5278 5290 5292 200 -41.917
dihedral 5292 5294 5306 5308 200 -41.544
dihedral 5308 5310 5325 5327 200 -42.037
dihedral 5327 5329 5346 5348 200 -44.616
dihedral 5348 5350 5366 5368 200 -41.014
dihedral 5368 5370 5377 5379 200 -40.032
dihedral 5415 5417 5435 5437 200 -39.854
dihedral 5437 5439 5450 5452 200 -38.609
dihedral 5452 5454 5471 5473 200 -46.450
dihedral 5473 5475 5487 5489 200 -40.291
dihedral 5489 5491 5497 5499 200 -41.336
dihedral 5499 5501 5508 5510 200 -38.748
dihedral 5510 5512 5525 5527 200 -41.795
dihedral 5527 5529 5541 5543 200 -41.734
dihedral 5543 5545 5561 5563 200 -42.547
dihedral 5563 5565 5572 5574 200 -37.729
dihedral 5574 5576 5591 5593 200 -37.829
dihedral 5593 5595 5601 5603 200 -39.802
dihedral 5603 5605 5620 5622 200 -41.575
dihedral 5622 5624 5627 5629 200 -42.840
dihedral 5629 5631 5651 5653 200 -42.180
dihedral 5653 5655 5665 5667 200 -38.164
dihedral 5667 5669 5679 5681 200 -37.496
dihedral 5681 5683 5696 5698 200 -38.721
dihedral 5698 5700 5715 5717 200 -35.978
dihedral 5717 5719 5736 5738 200 -37.078
dihedral 5738 5740 5757 5759 200 -38.302
dihedral 5759 5761 5771 5773 200 -28.174
