dihedral 20451 20453 20468 20470 200 -36.177
dihedral 20470 20472 20482 20484 200 -34.435
dihedral 20484 20486 20506 20508 200 -35.422
dihedral 20508 20510 20525 20527 200 -43.788
dihedral 20527 20529 20544 20546 200 -38.961
dihedral 20546 20548 20561 20563 200 -39.284
dihedral 20563 20565 20573 20575 200 -38.833
dihedral 20575 20577 20595 20597 200 -37.911
dihedral 20597 20599 20619 20621 200 -43.909
dihedral 20621 20623 20631 20633 200 -36.034
dihedral 20633 20635 20655 20657 200 -32.077
dihedral 20833 20835 20851 20853 200 -33.932
dihedral 20853 20855 20870 20872 200 -36.179
dihedral 20872 20874 20886 20888 200 -38.196
dihedral 20888 20890 20907 20909 200 -38.513
dihedral 20909 20911 20918 20920 200 -38.330
dihedral 20920 20922 20937 20939 200 -36.381
dihedral 20939 20941 20958 20960 200 -40.834
dihedral 20960 20962 20975 20977 200 -41.028
dihedral 20977 20979 20994 20996 200 -44.678
dihedral 20996 20998 21013 21015 200 -43.624
dihedral 21015 21017 21033 21035 200 -42.707
dihedral 21035 21037 21047 21049 200 -39.864
dihedral 21049 21051 21064 21066 200 -36.665
dihedral 21066 21068 21074 21076 200 -38.936
dihedral 21076 21078 21084 21086 200 -38.913
dihedral 21086 21088 21105 21107 200 -38.214
dihedral 21107 21109 21126 21128 200 -35.982
dihedral 21166 21168 21180 21182 200 -20.505
dihedral 21220 21224 21232 21234 200 149.222
dihedral 21248 21250 21266 21268 200 141.272
dihedral 21268 21270 21288 21290 200 143.226
dihedral 21307 21309 21320 21322 200 -22.692
dihedral 21344 21346 21356 21358 200 -39.381
dihedral 21358 21360 21363 21365 200 -35.803
dihedral 21365 21367 21375 21377 200 -32.583
dihedral 21377 21379 21396 21398 200 -29.206
dihedral 21398 21400 21416 21418 200 -28.271
dihedral 21418 21420 21440 21442 200 -37.419
dihedral 21442 21444 21456 21458 200 -40.922
dihedral 21458 21460 21470 21472 200 -41.627
dihedral 21472 21474 21477 21479 200 -41.014
dihedral 21479 21481 21492 21494 200 -38.611
dihedral 21494 21496 21511 21513 200 -43.421
dihedral 21513 21515 21530 21532 200 -38.404
dihedral 21532 21534 21541 21543 200 -40.797
dihedral 21543 21545 21557 21559 200 -34.207
dihedral 21559 21561 21576 21578 200 -26.036
dihedral 21585 21587 21590 21592 200 -40.548
dihedral 21592 21594 21606 21608 200 -37.564
dihedral 21608 21610 21627 21629 200 -40.647
dihedral 21629 21631 21647 21649 200 -39.828
dihedral 21669 21671 21687 21689 200 -38.895
dihedral 21689 21691 21711 21713 200 -40.287
dihedral 21713 21715 21718 21720 200 -42.011
dihedral 21720 21722 21737 21739 200 -40.386
dihedral 21739 21741 21754 21756 200 -34.548
dihedral 21756 21758 21775 21777 200 -31.315
dihedral 21906 21908 21921 21923 200 -38.230
dihedral 21923 21925 21943 21945 200 -39.076
dihedral 21945 21947 21957 21959 200 -38.610
dihedral 21959 21961 21976 21978 200 -40.380
dihedral 21998 22000 22012 22014 200 -36.986
dihedral 22026 22028 22035 22037 200 -37.675
dihedral 22037 22039 22056 22058 200 -36.309
dihedral 22058 22060 22067 22069 200 -29.976
dihedral 22140 22142 22158 22160 200 -41.173
dihedral 22160 22162 22177 22179 200 -39.513
dihedral 22179 22181 22194 22196 200 -37.346
dihedral 22196 22198 22205 22207 200 -38.159
dihedral 22207 22209 22224 22226 200 -39.776
dihedral 22226 22228 22244 22246 200 -37.766
dihedral 22246 22248 22261 22263 200 -40.406
dihedral 22263 22265 22280 22282 200 -37.226
dihedral 22282 22284 22290 22292 200 -39.671
dihedral 22292 22294 22304 22306 200 -40.114
dihedral 22306 22308 22320 22322 200 -41.917
dihedral 22322 22324 22336 22338 200 -41.544
dihedral 22338 22340 22355 22357 200 -42.037
dihedral 22357 22359 22376 22378 200 -44.616
dihedral 22378 22380 22396 22398 200 -41.014
dihedral 22398 22400 22407 22409 200 -40.032
dihedral 22445 22447 22465 22467 200 -39.854
dihedral 22467 22469 22480 22482 200 -38.609
dihedral 22482 22484 22501 22503 200 -46.450
dihedral 22503 22505 22517 22519 200 -40.291
dihedral 22519 22521 22527 22529 200 -41.336
dihedral 22529 22531 22538 22540 200 -38.748
dihedral 22540 22542 22555 22557 200 -41.795
dihedral 22557 22559 22571 22573 200 -41.734
dihedral 22573 22575 22591 22593 200 -42.547
dihedral 22593 22595 22602 22604 200 -37.729
dihedral 22604 22606 22621 22623 200 -37.829
dihedral 22623 22625 22631 22633 200 -39.802
dihedral 22633 22635 22650 22652 200 -41.575
dihedral 22652 22654 22657 22659 200 -42.840
dihedral 22659 22661 22681 22683 200 -42.180
dihedral 22683 22685 22695 22697 200 -38.164
dihedral 22697 22699 22709 22711 200 -37.496
dihedral 22711 22713 22726 22728 200 -38.721
dihedral 22728 22730 22745 22747 200 -35.978
dihedral 22747 22749 22766 22768 200 -37.078
dihedral 22768 22770 22787 22789 200 -38.302
dihedral 22789 22791 22801 22803 200 -28.174
